# PSAS Launch-12 OpenRocket simulation. cols: time[s] altitude[m]
# source: github.com/open-aerospace/LV2.2 (Launch-12 .ork)
0.00 0.0
0.50 8.8
1.00 38.1
1.50 87.9
2.00 158.2
2.51 250.9
3.01 362.1
3.51 492.6
4.01 640.9
4.51 805.1
5.01 982.2
5.51 1166.9
6.01 1353.3
6.51 1533.7
7.01 1705.7
7.51 1869.9
8.02 2030.2
8.52 2180.8
9.02 2325.2
9.52 2463.9
10.03 2599.7
10.53 2727.7
11.03 2850.9
11.53 2969.4
12.03 3083.4
12.53 3193.3
13.03 3299.0
13.53 3400.7
14.03 3498.7
14.53 3592.9
15.03 3683.6
15.53 3770.8
16.03 3854.6
16.53 3935.1
17.03 4012.3
17.53 4086.4
18.03 4157.5
18.53 4225.4
19.03 4290.4
19.53 4352.5
20.03 4411.7
20.53 4468.0
21.03 4521.6
21.53 4572.4
22.03 4620.5
22.53 4665.8
23.03 4708.5
23.53 4748.6
24.03 4786.1
24.53 4820.9
25.03 4853.2
25.53 4883.0
26.03 4910.2
26.53 4934.9
27.03 4957.1
27.53 4976.8
28.03 4994.0
28.53 5008.7
29.03 5021.0
29.53 5030.8
30.03 5038.2
30.53 5043.1
31.03 5045.6
31.55 5045.7
32.06 5043.3
32.61 5038.4
33.16 5031.6
33.69 5023.9
34.25 5014.9
34.80 5005.5
35.73 4989.3
36.23 4980.4
36.73 4971.4
37.23 4962.5
37.73 4953.5
38.23 4944.5
38.73 4935.5
39.23 4926.6
39.73 4917.6
40.23 4908.6
40.73 4899.7
41.23 4890.7
41.73 4881.8
42.23 4872.8
42.73 4863.9
43.23 4855.0
43.73 4846.0
44.23 4837.1
44.73 4828.2
45.23 4819.3
45.73 4810.3
46.23 4801.4
46.73 4792.5
47.23 4783.6
47.73 4774.7
48.23 4765.8
48.73 4756.9
49.23 4748.1
49.73 4739.2
50.23 4730.3
50.73 4721.4
51.23 4712.6
51.73 4703.7
52.23 4694.9
52.73 4686.0
53.23 4677.2
53.73 4668.3
54.23 4659.5
54.73 4650.6
55.23 4641.8
55.73 4633.0
56.23 4624.2
56.73 4615.3
57.23 4606.5
57.73 4597.7
58.23 4588.9
58.73 4580.1
59.23 4571.3
59.73 4562.5
60.23 4553.7
60.73 4544.9
61.23 4536.2
61.73 4527.4
62.23 4518.6
62.73 4509.8
63.23 4501.1
63.73 4492.3
64.23 4483.6
64.73 4474.8
65.23 4466.1
65.73 4457.3
66.23 4448.6
66.73 4439.9
67.23 4431.1
67.73 4422.4
68.23 4413.7
68.73 4405.0
69.23 4396.3
69.73 4387.6
70.23 4378.8
70.73 4370.2
71.23 4361.5
71.73 4352.8
72.23 4344.1
72.73 4335.4
73.23 4326.7
73.73 4318.0
74.23 4309.4
74.73 4300.7
75.23 4292.1
75.73 4283.4
76.23 4274.7
76.73 4266.1
77.23 4257.4
77.73 4248.8
78.23 4240.2
78.73 4231.5
79.23 4222.9
79.73 4214.3
80.23 4205.7
80.73 4197.0
81.23 4188.4
81.73 4179.8
82.23 4171.2
82.73 4162.6
83.23 4154.0
83.73 4145.4
84.23 4136.8
84.73 4128.3
85.23 4119.7
85.73 4111.1
86.23 4102.5
86.73 4093.9
87.23 4085.4
87.73 4076.8
88.23 4068.3
88.73 4059.7
89.23 4051.2
89.73 4042.6
90.23 4034.1
90.73 4025.5
91.23 4017.0
91.73 4008.5
92.23 4000.0
92.73 3991.4
93.23 3982.9
93.73 3974.4
94.23 3965.9
94.73 3957.4
95.23 3948.9
95.73 3940.4
96.23 3931.9
96.73 3923.4
97.23 3914.9
97.73 3906.4
98.23 3898.0
98.73 3889.5
99.23 3881.0
99.73 3872.6
100.73 3855.6
101.23 3847.2
101.73 3838.7
102.23 3830.3
102.73 3821.9
103.23 3813.4
103.73 3805.0
104.23 3796.6
104.73 3788.1
105.23 3779.7
105.73 3771.3
106.23 3762.9
106.73 3754.5
107.23 3746.1
107.73 3737.7
108.23 3729.3
108.73 3720.9
109.23 3712.5
109.73 3704.1
110.23 3695.7
110.73 3687.3
111.23 3678.9
111.73 3670.6
112.23 3662.2
112.73 3653.8
113.23 3645.5
113.73 3637.1
114.23 3628.7
114.73 3620.4
115.23 3612.0
115.73 3603.7
116.23 3595.4
116.73 3587.0
117.23 3578.7
117.73 3570.4
118.23 3562.0
118.73 3553.7
119.23 3545.4
119.73 3537.1
120.23 3528.8
120.73 3520.5
121.23 3512.2
121.73 3503.9
122.23 3495.6
122.73 3487.3
123.23 3479.0
123.73 3470.7
124.23 3462.4
124.73 3454.2
125.23 3445.9
125.73 3437.6
126.23 3429.4
126.73 3421.1
127.23 3412.8
127.73 3404.6
128.73 3388.1
129.23 3379.8
129.73 3371.6
130.23 3363.4
130.73 3355.1
131.23 3346.9
131.73 3338.7
132.23 3330.5
132.73 3322.3
133.23 3314.0
133.73 3305.8
134.23 3297.6
134.73 3289.4
135.23 3281.2
135.73 3273.0
136.23 3264.8
136.73 3256.6
137.23 3248.5
137.73 3240.3
138.23 3232.1
138.73 3223.9
139.23 3215.8
139.73 3207.6
140.23 3199.4
140.73 3191.3
141.23 3183.1
141.73 3175.0
142.23 3166.8
142.73 3158.7
143.23 3150.5
143.73 3142.4
144.23 3134.2
144.73 3126.1
145.23 3118.0
145.73 3109.9
146.23 3101.7
146.73 3093.6
147.23 3085.5
147.73 3077.4
148.23 3069.3
148.73 3061.2
149.23 3053.1
149.73 3045.0
150.23 3036.9
150.73 3028.8
151.23 3020.7
151.73 3012.6
152.23 3004.6
152.73 2996.5
153.23 2988.4
153.73 2980.3
154.23 2972.3
154.73 2964.2
155.23 2956.1
155.73 2948.1
156.23 2940.0
156.73 2932.0
157.23 2924.0
157.73 2915.9
158.23 2907.9
158.73 2899.8
159.23 2891.8
159.73 2883.8
160.23 2875.8
160.73 2867.7
161.23 2859.7
161.73 2851.7
162.23 2843.7
162.73 2835.7
163.23 2827.7
163.73 2819.7
164.23 2811.7
164.73 2803.7
165.23 2795.7
165.73 2787.7
166.23 2779.8
166.73 2771.8
167.23 2763.8
167.73 2755.8
168.23 2747.9
168.73 2739.9
169.23 2731.9
169.73 2724.0
170.23 2716.0
170.73 2708.1
171.23 2700.1
171.73 2692.2
172.23 2684.2
172.73 2676.3
173.23 2668.3
173.73 2660.4
174.23 2652.5
174.73 2644.6
175.23 2636.6
175.73 2628.7
176.23 2620.8
176.73 2612.9
177.23 2605.0
177.73 2597.1
178.23 2589.2
178.73 2581.3
179.23 2573.4
179.73 2565.5
180.23 2557.6
180.73 2549.7
181.23 2541.8
181.73 2533.9
182.23 2526.0
182.73 2518.2
183.23 2510.3
183.73 2502.4
184.23 2494.6
184.73 2486.7
185.23 2478.9
185.73 2471.0
186.23 2463.1
186.73 2455.3
187.23 2447.5
187.73 2439.6
188.23 2431.8
188.73 2423.9
189.23 2416.1
189.73 2408.3
190.23 2400.5
190.73 2392.6
191.23 2384.8
191.73 2377.0
192.23 2369.2
192.73 2361.4
193.23 2353.6
193.73 2345.8
194.23 2338.0
194.73 2330.2
195.23 2322.4
195.73 2314.6
196.23 2306.8
196.73 2299.0
197.23 2291.3
197.73 2283.5
198.23 2275.7
198.73 2267.9
199.23 2260.2
199.73 2252.4
200.23 2244.6
200.73 2236.9
201.23 2229.1
201.73 2221.4
202.23 2213.6
202.73 2205.9
203.23 2198.1
203.73 2190.4
204.23 2182.7
204.73 2174.9
205.23 2167.2
205.73 2159.5
206.23 2151.7
206.73 2144.0
207.23 2136.3
207.73 2128.6
208.23 2120.9
208.73 2113.2
209.23 2105.5
209.73 2097.8
210.23 2090.1
210.73 2082.4
211.23 2074.7
211.73 2067.0
212.23 2059.3
212.73 2051.6
213.23 2043.9
213.73 2036.2
214.23 2028.6
214.73 2020.9
215.23 2013.2
215.73 2005.6
216.23 1997.9
216.73 1990.2
217.23 1982.6
217.73 1974.9
218.23 1967.3
218.73 1959.6
219.23 1952.0
219.73 1944.3
220.23 1936.7
220.73 1929.1
221.23 1921.4
221.73 1913.8
222.23 1906.2
222.73 1898.6
223.23 1890.9
223.73 1883.3
224.23 1875.7
224.73 1868.1
225.23 1860.5
225.73 1852.9
226.23 1845.3
226.73 1837.7
227.23 1830.1
227.73 1822.5
228.23 1814.9
228.73 1807.3
229.23 1799.7
229.73 1792.2
230.23 1784.6
230.73 1777.0
231.23 1769.4
231.73 1761.9
232.23 1754.3
232.73 1746.7
233.23 1739.2
233.73 1731.6
234.23 1724.1
234.73 1716.5
235.23 1709.0
235.73 1701.4
236.23 1693.9
236.73 1686.3
237.23 1678.8
237.73 1671.3
238.23 1663.7
238.73 1656.2
239.23 1648.7
239.73 1641.1
240.23 1633.6
240.73 1626.1
241.23 1618.6
241.73 1611.1
242.23 1603.6
242.73 1596.1
243.23 1588.6
243.73 1581.1
244.23 1573.6
244.73 1566.1
245.23 1558.6
245.73 1551.1
246.23 1543.6
246.73 1536.1
247.23 1528.6
247.73 1521.2
248.23 1513.7
248.73 1506.2
249.23 1498.8
249.73 1491.3
250.23 1483.8
250.73 1476.4
251.23 1468.9
251.73 1461.5
252.23 1454.0
252.73 1446.6
253.23 1439.1
253.73 1431.7
254.23 1424.2
254.73 1416.8
255.23 1409.4
255.73 1401.9
256.23 1394.5
256.73 1387.1
257.23 1379.7
257.73 1372.2
258.23 1364.8
258.73 1357.4
259.23 1350.0
259.73 1342.6
260.23 1335.2
260.73 1327.8
261.23 1320.4
261.73 1313.0
262.23 1305.6
262.73 1298.2
263.23 1290.8
263.73 1283.4
264.23 1276.0
264.73 1268.7
265.23 1261.3
265.73 1253.9
266.23 1246.5
266.73 1239.2
267.23 1231.8
267.73 1224.4
268.23 1217.1
268.73 1209.7
269.23 1202.4
269.73 1195.0
270.23 1187.7
270.73 1180.3
271.23 1173.0
271.73 1165.6
272.23 1158.3
272.73 1150.9
273.23 1143.6
273.73 1136.3
274.23 1129.0
274.73 1121.6
275.23 1114.3
275.73 1107.0
276.23 1099.7
276.73 1092.4
277.23 1085.0
277.73 1077.7
278.23 1070.4
278.73 1063.1
279.23 1055.8
279.73 1048.5
280.23 1041.2
280.73 1033.9
281.23 1026.6
281.73 1019.3
282.23 1012.1
282.73 1004.8
283.23 997.5
283.73 990.2
284.23 983.0
284.73 975.7
285.23 968.4
285.73 961.1
286.23 953.9
286.73 946.6
287.23 939.4
287.73 932.1
288.23 924.9
288.73 917.6
289.23 910.4
289.73 903.1
290.23 895.9
290.73 888.6
291.23 881.4
291.73 874.2
292.23 866.9
292.73 859.7
293.23 852.5
293.73 845.3
294.23 838.0
294.73 830.8
295.23 823.6
295.73 816.4
296.23 809.2
296.73 802.0
297.23 794.8
297.73 787.6
298.23 780.4
298.73 773.2
299.23 766.0
299.73 758.8
300.23 751.6
300.73 744.4
301.23 737.2
301.73 730.0
302.23 722.9
302.73 715.7
303.23 708.5
303.73 701.3
304.23 694.2
304.73 687.0
305.23 679.8
305.73 672.7
306.23 665.5
306.73 658.4
307.23 651.2
307.73 644.1
308.23 636.9
308.73 629.8
309.23 622.6
309.73 615.5
310.23 608.3
310.73 601.2
311.23 594.1
311.73 586.9
312.23 579.8
312.73 572.7
313.23 565.6
313.73 558.5
314.23 551.3
314.73 544.2
315.23 537.1
315.73 530.0
316.23 522.9
316.73 515.8
317.23 508.7
317.73 501.6
318.23 494.5
318.73 487.4
319.23 480.3
319.73 473.2
320.23 466.1
320.73 459.0
321.23 451.9
321.73 444.9
322.23 437.8
322.73 430.7
323.23 423.6
323.73 416.6
324.23 409.5
324.73 402.4
325.23 395.4
325.73 388.3
326.23 381.3
326.73 374.2
327.23 367.1
327.73 360.1
328.23 353.1
328.73 346.0
329.23 339.0
329.73 331.9
330.23 324.9
330.73 317.9
331.23 310.8
331.73 303.8
332.23 296.8
332.73 289.8
333.29 285.7
334.25 281.1
334.75 278.7
335.70 274.2
336.20 271.8
336.70 269.4
337.20 267.0
337.70 264.6
338.20 262.2
339.14 257.7
339.64 255.3
340.14 252.9
341.00 248.8
341.50 246.4
342.00 244.0
342.50 241.6
343.33 237.7
343.83 235.3
344.70 231.1
345.20 228.7
345.70 226.3
346.52 222.4
347.02 220.0
347.79 216.4
348.29 214.0
348.79 211.6
349.29 209.2
349.79 206.8
350.29 204.4
350.79 202.1
351.29 199.7
351.79 197.3
352.29 194.9
352.79 192.5
353.29 190.1
353.79 187.7
354.29 185.3
354.79 183.0
355.29 180.6
355.79 178.2
356.29 175.8
356.79 173.4
357.29 171.0
357.79 168.7
358.29 166.3
358.79 163.9
359.29 161.5
359.79 159.1
360.29 156.7
360.79 154.4
361.29 152.0
362.25 147.4
362.75 145.0
363.25 142.6
364.22 138.0
365.08 133.9
365.58 131.5
366.08 129.1
366.58 126.8
367.56 122.1
368.06 119.7
369.05 115.0
369.55 112.7
370.47 108.3
370.97 105.9
371.47 103.5
371.97 101.2
372.47 98.8
372.97 96.4
373.47 94.0
373.97 91.7
374.47 89.3
375.39 85.0
376.33 80.5
376.83 78.1
377.33 75.8
377.83 73.4
378.33 71.0
378.83 68.6
379.33 66.3
379.83 63.9
380.33 61.5
380.83 59.1
381.33 56.8
381.83 54.4
382.33 52.0
382.83 49.7
383.33 47.3
384.25 43.0
384.75 40.6
385.25 38.2
385.75 35.9
386.25 33.5
386.75 31.1
387.25 28.8
388.14 24.5
388.64 22.2
389.14 19.8
389.64 17.4
390.14 15.1
390.64 12.7
391.14 10.3
391.64 8.0
392.14 5.6
393.08 1.2
393.74 -1.9
